                           0       1       2       3       4        5  6
0   2022-02-21T00:00:00+0530  342.00  374.75  332.80  350.55  1975932  0
1   2022-02-22T00:00:00+0530  341.10  364.10  339.95  347.30   869068  0
2   2022-02-23T00:00:00+0530  349.45  355.45  344.75  347.00   290457  0
3   2022-02-24T00:00:00+0530  336.45  341.10  299.85  303.40   865323  0
4   2022-02-25T00:00:00+0530  304.20  321.65  304.20  313.85   648645  0
..                       ...     ...     ...     ...     ...      ... ..
34  2022-04-12T00:00:00+0530  303.00  307.00  301.00  301.85   558528  0
35  2022-04-13T00:00:00+0530  304.50  304.60  298.00  299.05   428426  0
36  2022-04-18T00:00:00+0530  295.60  298.00  286.20  288.50   680286  0
37  2022-04-19T00:00:00+0530  291.90  294.80  281.95  285.65   377220  0
38  2022-04-20T00:00:00+0530  288.00  291.60  284.35  285.20   272866  0

[78 rows x 7 columns]